///Center room
-1 -16 6 0;
-1 -15 6 0;
-1 -14 6 0;
-1 -13 6 0;
-1 -12 6 0;
-1 -11 6 0;
-1 11 6 0;
-1 12 6 0;
-1 13 6 0;
-1 14 6 0;
-1 15 6 0;
-1 16 6 0;
-1 -10 7 0;
-1 -9 7 0;
-1 -8 7 0;
-1 -7 7 0;
-1 -6 7 0;
-1 -5 7 0;
-1 -4 7 0;
-1 -3 7 0;
-1 -2 7 0;
-1 -1 7 0;
-1 0 7 0;
-1 1 7 0;
-1 2 7 0;
-1 3 7 0;
-1 4 7 0;
-1 5 7 0;
-1 6 7 0;
-1 7 7 0;
-1 8 7 0;
-1 9 7 0;
-1 10 7 0;
-1 -16 1 1;
-1 -15 1 1;
-1 -14 1 1;
-1 -13 1 1;
-1 -12 1 1;
-1 -11 1 1;
-1 -10 1 1;
-1 -9 1 1;
-1 -8 1 1;
-1 -7 1 1;
-1 -6 1 1;
-1 -5 1 1;
-1 -4 1 1;
-1 -3 1 1;
-1 -2 1 1;
-1 -1 1 1;
-1 1 1 1;
-1 2 1 1;
-1 3 1 1;
-1 4 1 1;
-1 5 1 1;
-1 6 1 1;
-1 7 1 1;
-1 8 1 1;
-1 9 1 1;
-1 10 1 1;
-1 11 1 1;
-1 12 1 1;
-1 13 1 1;
-1 14 1 1;
-1 15 1 1;
-1 16 1 1;
-1 0 2 1;
0 -16 8 0;
0 -15 8 0;
0 -14 8 0;
0 -13 8 0;
0 -12 8 0;
0 -11 8 0;
0 -10 8 0;
0 -9 8 0;
0 -8 8 0;
0 -7 8 0;
0 -6 8 0;
0 -5 8 0;
0 -4 8 0;
0 -3 8 0;
0 -2 8 0;
0 -1 8 0;
0 0 8 0;
0 1 8 0;
0 2 8 0;
0 3 8 0;
0 4 8 0;
0 5 8 0;
0 6 8 0;
0 7 8 0;
0 8 8 0;
0 9 8 0;
0 10 8 0;
0 11 8 0;
0 12 8 0;
0 13 8 0;
0 14 8 0;
0 15 8 0;
0 16 8 0;
0 -16 9 0;
0 -15 9 0;
0 -14 9 0;
0 -13 9 0;
0 -12 9 0;
0 -11 9 0;
0 -10 9 0;
0 -9 9 0;
0 -8 9 0;
0 -7 9 0;
0 -6 9 0;
0 -5 9 0;
0 -4 9 0;
0 -3 9 0;
0 -2 9 0;
0 -1 9 0;
0 0 9 0;
0 1 9 0;
0 2 9 0;
0 3 9 0;
0 4 9 0;
0 5 9 0;
0 6 9 0;
0 7 9 0;
0 8 9 0;
0 9 9 0;
0 10 9 0;
0 11 9 0;
0 12 9 0;
0 13 9 0;
0 14 9 0;
0 15 9 0;
0 16 9 0;
0 -16 10 0;
0 -15 10 0;
0 -14 10 0;
0 -13 10 0;
0 -12 10 0;
0 -11 10 0;
0 -10 10 0;
0 -9 10 0;
0 -8 10 0;
0 -7 10 0;
0 -6 10 0;
0 -5 10 0;
0 -4 10 0;
0 -3 10 0;
0 -2 10 0;
0 -1 10 0;
0 0 10 0;
0 1 10 0;
0 2 10 0;
0 3 10 0;
0 4 10 0;
0 5 10 0;
0 6 10 0;
0 7 10 0;
0 8 10 0;
0 9 10 0;
0 10 10 0;
0 11 10 0;
0 12 10 0;
0 13 10 0;
0 14 10 0;
0 15 10 0;
0 16 10 0;
0 -16 11 0;
0 -15 11 0;
0 -14 11 0;
0 -13 11 0;
0 -12 11 0;
0 -11 11 0;
0 -10 11 0;
0 -9 11 0;
0 -8 11 0;
0 -7 11 0;
0 -6 11 0;
0 -5 11 0;
0 -4 11 0;
0 -3 11 0;
0 -2 11 0;
0 -1 11 0;
0 0 11 0;
0 1 11 0;
0 2 11 0;
0 3 11 0;
0 4 11 0;
0 5 11 0;
0 6 11 0;
0 7 11 0;
0 8 11 0;
0 9 11 0;
0 10 11 0;
0 11 11 0;
0 12 11 0;
0 13 11 0;
0 14 11 0;
0 15 11 0;
0 16 11 0;
0 -16 12 0;
0 -15 12 0;
0 -14 12 0;
0 -13 12 0;
0 -12 12 0;
0 -11 12 0;
0 -10 12 0;
0 -9 12 0;
0 -8 12 0;
0 -7 12 0;
0 -6 12 0;
0 -5 12 0;
0 -4 12 0;
0 -3 12 0;
0 -2 12 0;
0 -1 12 0;
0 0 12 0;
0 1 12 0;
0 2 12 0;
0 3 12 0;
0 4 12 0;
0 5 12 0;
0 6 12 0;
0 7 12 0;
0 8 12 0;
0 9 12 0;
0 10 12 0;
0 11 12 0;
0 12 12 0;
0 13 12 0;
0 14 12 0;
0 15 12 0;
0 16 12 0;
0 -16 7 0;
0 -15 7 0;
0 -14 7 0;
0 -13 7 0;
0 -12 7 0;
0 -11 7 0;
0 11 7 0;
0 12 7 0;
0 13 7 0;
0 14 7 0;
0 15 7 0;
0 16 7 0;
0 -16 0 0;
0 -16 1 0;
0 -15 0 0;
0 -15 1 0;
0 -14 0 0;
0 -14 1 0;
0 -13 0 0;
0 -13 1 0;
0 -12 0 0;
0 -12 1 0;
0 -11 0 0;
0 -11 1 0;
0 -10 0 0;
0 -10 1 0;
0 -9 0 0;
0 -9 1 0;
0 -8 0 0;
0 -8 1 0;
0 -7 0 0;
0 -7 1 0;
0 -6 0 0;
0 -6 1 0;
0 -5 0 0;
0 -5 1 0;
0 -4 0 0;
0 -4 1 0;
0 -3 0 0;
0 -3 1 0;
0 -2 0 0;
0 -2 1 0;
0 -1 0 0;
0 -1 1 0;
0 0 0 0;
0 0 1 0;
0 1 0 0;
0 1 1 0;
0 2 0 0;
0 2 1 0;
0 3 0 0;
0 3 1 0;
0 4 0 0;
0 4 1 0;
0 5 0 0;
0 5 1 0;
0 6 0 0;
0 6 1 0;
0 7 0 0;
0 7 1 0;
0 8 0 0;
0 8 1 0;
0 9 0 0;
0 9 1 0;
0 10 0 0;
0 10 1 0;
0 11 0 0;
0 11 1 0;
0 12 0 0;
0 12 1 0;
0 13 0 0;
0 13 1 0;
0 14 0 0;
0 14 1 0;
0 15 0 0;
0 15 1 0;
0 16 0 0;
0 16 1 0;
0 0 2 0;
///Room 1
-1 17 6 0;
-1 18 6 0;
-1 19 6 0;
-1 20 6 0;
-1 21 6 0;
-1 22 6 0;
-1 23 6 0;
-1 24 6 0;
-1 25 6 0;
-1 26 6 0;
-1 27 6 0;
-1 28 6 0;
-1 29 6 0;
-1 30 6 0;
-1 31 6 0;
-1 32 6 0;
-1 33 6 0;
-1 34 6 0;
-1 35 6 0;
-1 36 6 0;
-1 37 6 0;
-1 38 6 0;
-1 39 6 0;
-1 40 6 0;
-1 41 6 0;
-1 42 6 0;
-1 43 6 0;
-1 44 6 0;
-1 45 6 0;
-1 46 6 0;
-1 47 6 0;
-1 48 6 0;
-1 17 0 1;
-1 18 0 1;
-1 19 0 1;
-1 20 0 1;
-1 21 0 1;
-1 22 0 1;
-1 23 0 1;
-1 24 0 1;
-1 25 0 1;
-1 26 0 1;
-1 27 0 1;
-1 28 0 1;
-1 29 0 1;
-1 30 0 1;
-1 31 0 1;
-1 32 0 1;
-1 33 0 1;
-1 34 0 1;
-1 35 0 1;
-1 36 0 1;
-1 37 0 1;
-1 38 0 1;
-1 39 0 1;
-1 40 0 1;
-1 41 0 1;
-1 42 0 1;
-1 43 0 1;
-1 44 0 1;
-1 45 0 1;
-1 46 0 1;
-1 47 0 1;
-1 25 3 0;
-1 26 3 0;
-1 27 2 0;
-1 28 2 0;
-1 29 3 0;
-1 30 3 0;
-1 25 4 1;
-1 26 4 1;
-1 27 4 1;
-1 28 4 1;
-1 29 4 1;
-1 30 4 1;
-1 25 5 4;
-1 25 6 3;
-1 30 5 4;
-1 30 6 3;
-1 48 4 1;
-1 48 5 4;
-1 48 6 3;
0 17 7 0;
0 18 7 0;
0 19 7 0;
0 20 7 0;
0 21 7 0;
0 22 7 0;
0 23 7 0;
0 24 7 0;
0 25 7 0;
0 26 7 0;
0 27 7 0;
0 28 7 0;
0 29 7 0;
0 30 7 0;
0 31 7 0;
0 32 7 0;
0 33 7 0;
0 34 7 0;
0 35 7 0;
0 36 7 0;
0 37 7 0;
0 38 7 0;
0 39 7 0;
0 40 7 0;
0 41 7 0;
0 42 7 0;
0 43 7 0;
0 44 7 0;
0 45 7 0;
0 46 7 0;
0 47 7 0;
0 48 7 0;
0 17 8 0;
0 18 8 0;
0 19 8 0;
0 20 8 0;
0 21 8 0;
0 22 8 0;
0 23 8 0;
0 24 8 0;
0 25 8 0;
0 26 8 0;
0 27 8 0;
0 28 8 0;
0 29 8 0;
0 30 8 0;
0 31 8 0;
0 32 8 0;
0 33 8 0;
0 34 8 0;
0 35 8 0;
0 36 8 0;
0 37 8 0;
0 38 8 0;
0 39 8 0;
0 40 8 0;
0 41 8 0;
0 42 8 0;
0 43 8 0;
0 44 8 0;
0 45 8 0;
0 46 8 0;
0 47 8 0;
0 48 8 0;
0 17 9 0;
0 18 9 0;
0 19 9 0;
0 20 9 0;
0 21 9 0;
0 22 9 0;
0 23 9 0;
0 24 9 0;
0 25 9 0;
0 26 9 0;
0 27 9 0;
0 28 9 0;
0 29 9 0;
0 30 9 0;
0 31 9 0;
0 32 9 0;
0 33 9 0;
0 34 9 0;
0 35 9 0;
0 36 9 0;
0 37 9 0;
0 38 9 0;
0 39 9 0;
0 40 9 0;
0 41 9 0;
0 42 9 0;
0 43 9 0;
0 44 9 0;
0 45 9 0;
0 46 9 0;
0 47 9 0;
0 48 9 0;
0 17 10 0;
0 18 10 0;
0 19 10 0;
0 20 10 0;
0 21 10 0;
0 22 10 0;
0 23 10 0;
0 24 10 0;
0 25 10 0;
0 26 10 0;
0 27 10 0;
0 28 10 0;
0 29 10 0;
0 30 10 0;
0 31 10 0;
0 32 10 0;
0 33 10 0;
0 34 10 0;
0 35 10 0;
0 36 10 0;
0 37 10 0;
0 38 10 0;
0 39 10 0;
0 40 10 0;
0 41 10 0;
0 42 10 0;
0 43 10 0;
0 44 10 0;
0 45 10 0;
0 46 10 0;
0 47 10 0;
0 48 10 0;
0 17 11 0;
0 18 11 0;
0 19 11 0;
0 20 11 0;
0 21 11 0;
0 22 11 0;
0 23 11 0;
0 24 11 0;
0 25 11 0;
0 26 11 0;
0 27 11 0;
0 28 11 0;
0 29 11 0;
0 30 11 0;
0 31 11 0;
0 32 11 0;
0 33 11 0;
0 34 11 0;
0 35 11 0;
0 36 11 0;
0 37 11 0;
0 38 11 0;
0 39 11 0;
0 40 11 0;
0 41 11 0;
0 42 11 0;
0 43 11 0;
0 44 11 0;
0 45 11 0;
0 46 11 0;
0 47 11 0;
0 48 11 0;
0 17 12 0;
0 18 12 0;
0 19 12 0;
0 20 12 0;
0 21 12 0;
0 22 12 0;
0 23 12 0;
0 24 12 0;
0 25 12 0;
0 26 12 0;
0 27 12 0;
0 28 12 0;
0 29 12 0;
0 30 12 0;
0 31 12 0;
0 32 12 0;
0 33 12 0;
0 34 12 0;
0 35 12 0;
0 36 12 0;
0 37 12 0;
0 38 12 0;
0 39 12 0;
0 40 12 0;
0 41 12 0;
0 42 12 0;
0 43 12 0;
0 44 12 0;
0 45 12 0;
0 46 12 0;
0 47 12 0;
0 48 12 0;
0 17 0 0;
0 18 0 0;
0 19 0 0;
0 20 0 0;
0 21 0 0;
0 22 0 0;
0 23 0 0;
0 24 0 0;
0 25 0 0;
0 26 0 0;
0 27 0 0;
0 28 0 0;
0 29 0 0;
0 30 0 0;
0 31 0 0;
0 32 0 0;
0 33 0 0;
0 34 0 0;
0 35 0 0;
0 36 0 0;
0 37 0 0;
0 38 0 0;
0 39 0 0;
0 40 0 0;
0 41 0 0;
0 42 0 0;
0 43 0 0;
0 44 0 0;
0 45 0 0;
0 46 0 0;
0 47 0 0;
0 48 0 0;
0 25 4 0;
0 26 4 0;
0 27 4 0;
0 28 4 0;
0 29 4 0;
0 30 4 0;
0 27 3 0;
0 28 3 0;
0 48 1 0;
0 48 2 0;
0 48 3 0;
0 48 4 0;
///Room -1
-1 -17 6 0;
-1 -18 6 0;
-1 -19 6 0;
-1 -20 6 0;
-1 -21 6 0;
-1 -22 6 0;
-1 -23 6 0;
-1 -24 6 0;
-1 -25 6 0;
-1 -26 6 0;
-1 -27 6 0;
-1 -28 6 0;
-1 -29 6 0;
-1 -30 6 0;
-1 -31 6 0;
-1 -32 6 0;
-1 -33 6 0;
-1 -34 6 0;
-1 -35 6 0;
-1 -36 6 0;
-1 -37 6 0;
-1 -38 6 0;
-1 -39 6 0;
-1 -40 6 0;
-1 -41 6 0;
-1 -42 6 0;
-1 -43 6 0;
-1 -44 6 0;
-1 -45 6 0;
-1 -46 6 0;
-1 -47 6 0;
-1 -48 6 0;
-1 -17 0 1;
-1 -18 0 1;
-1 -19 0 1;
-1 -20 0 1;
-1 -21 0 1;
-1 -22 0 1;
-1 -23 0 1;
-1 -24 0 1;
-1 -25 0 1;
-1 -26 0 1;
-1 -27 0 1;
-1 -28 0 1;
-1 -29 0 1;
-1 -30 0 1;
-1 -31 0 1;
-1 -32 0 1;
-1 -33 0 1;
-1 -34 0 1;
-1 -35 0 1;
-1 -36 0 1;
-1 -37 0 1;
-1 -38 0 1;
-1 -39 0 1;
-1 -40 0 1;
-1 -41 0 1;
-1 -42 0 1;
-1 -43 0 1;
-1 -44 0 1;
-1 -45 0 1;
-1 -46 0 1;
-1 -47 0 1;
-1 -25 3 0;
-1 -26 3 0;
-1 -27 2 0;
-1 -28 2 0;
-1 -29 3 0;
-1 -30 3 0;
-1 -25 4 1;
-1 -26 4 1;
-1 -27 4 1;
-1 -28 4 1;
-1 -29 4 1;
-1 -30 4 1;
-1 -48 4 1;
-1 -48 5 4;
-1 -48 6 3;
0 -17 7 0;
0 -18 7 0;
0 -19 7 0;
0 -20 7 0;
0 -21 7 0;
0 -22 7 0;
0 -23 7 0;
0 -24 7 0;
0 -25 7 0;
0 -26 7 0;
0 -27 7 0;
0 -28 7 0;
0 -29 7 0;
0 -30 7 0;
0 -31 7 0;
0 -32 7 0;
0 -33 7 0;
0 -34 7 0;
0 -35 7 0;
0 -36 7 0;
0 -37 7 0;
0 -38 7 0;
0 -39 7 0;
0 -40 7 0;
0 -41 7 0;
0 -42 7 0;
0 -43 7 0;
0 -44 7 0;
0 -45 7 0;
0 -46 7 0;
0 -47 7 0;
0 -48 7 0;
0 -17 8 0;
0 -18 8 0;
0 -19 8 0;
0 -20 8 0;
0 -21 8 0;
0 -22 8 0;
0 -23 8 0;
0 -24 8 0;
0 -25 8 0;
0 -26 8 0;
0 -27 8 0;
0 -28 8 0;
0 -29 8 0;
0 -30 8 0;
0 -31 8 0;
0 -32 8 0;
0 -33 8 0;
0 -34 8 0;
0 -35 8 0;
0 -36 8 0;
0 -37 8 0;
0 -38 8 0;
0 -39 8 0;
0 -40 8 0;
0 -41 8 0;
0 -42 8 0;
0 -43 8 0;
0 -44 8 0;
0 -45 8 0;
0 -46 8 0;
0 -47 8 0;
0 -48 8 0;
0 -17 9 0;
0 -18 9 0;
0 -19 9 0;
0 -20 9 0;
0 -21 9 0;
0 -22 9 0;
0 -23 9 0;
0 -24 9 0;
0 -25 9 0;
0 -26 9 0;
0 -27 9 0;
0 -28 9 0;
0 -29 9 0;
0 -30 9 0;
0 -31 9 0;
0 -32 9 0;
0 -33 9 0;
0 -34 9 0;
0 -35 9 0;
0 -36 9 0;
0 -37 9 0;
0 -38 9 0;
0 -39 9 0;
0 -40 9 0;
0 -41 9 0;
0 -42 9 0;
0 -43 9 0;
0 -44 9 0;
0 -45 9 0;
0 -46 9 0;
0 -47 9 0;
0 -48 9 0;
0 -17 10 0;
0 -18 10 0;
0 -19 10 0;
0 -20 10 0;
0 -21 10 0;
0 -22 10 0;
0 -23 10 0;
0 -24 10 0;
0 -25 10 0;
0 -26 10 0;
0 -27 10 0;
0 -28 10 0;
0 -29 10 0;
0 -30 10 0;
0 -31 10 0;
0 -32 10 0;
0 -33 10 0;
0 -34 10 0;
0 -35 10 0;
0 -36 10 0;
0 -37 10 0;
0 -38 10 0;
0 -39 10 0;
0 -40 10 0;
0 -41 10 0;
0 -42 10 0;
0 -43 10 0;
0 -44 10 0;
0 -45 10 0;
0 -46 10 0;
0 -47 10 0;
0 -48 10 0;
0 -17 11 0;
0 -18 11 0;
0 -19 11 0;
0 -20 11 0;
0 -21 11 0;
0 -22 11 0;
0 -23 11 0;
0 -24 11 0;
0 -25 11 0;
0 -26 11 0;
0 -27 11 0;
0 -28 11 0;
0 -29 11 0;
0 -30 11 0;
0 -31 11 0;
0 -32 11 0;
0 -33 11 0;
0 -34 11 0;
0 -35 11 0;
0 -36 11 0;
0 -37 11 0;
0 -38 11 0;
0 -39 11 0;
0 -40 11 0;
0 -41 11 0;
0 -42 11 0;
0 -43 11 0;
0 -44 11 0;
0 -45 11 0;
0 -46 11 0;
0 -47 11 0;
0 -48 11 0;
0 -17 12 0;
0 -18 12 0;
0 -19 12 0;
0 -20 12 0;
0 -21 12 0;
0 -22 12 0;
0 -23 12 0;
0 -24 12 0;
0 -25 12 0;
0 -26 12 0;
0 -27 12 0;
0 -28 12 0;
0 -29 12 0;
0 -30 12 0;
0 -31 12 0;
0 -32 12 0;
0 -33 12 0;
0 -34 12 0;
0 -35 12 0;
0 -36 12 0;
0 -37 12 0;
0 -38 12 0;
0 -39 12 0;
0 -40 12 0;
0 -41 12 0;
0 -42 12 0;
0 -43 12 0;
0 -44 12 0;
0 -45 12 0;
0 -46 12 0;
0 -47 12 0;
0 -48 12 0;
0 -17 0 0;
0 -18 0 0;
0 -19 0 0;
0 -20 0 0;
0 -21 0 0;
0 -22 0 0;
0 -23 0 0;
0 -24 0 0;
0 -25 0 0;
0 -26 0 0;
0 -27 0 0;
0 -28 0 0;
0 -29 0 0;
0 -30 0 0;
0 -31 0 0;
0 -32 0 0;
0 -33 0 0;
0 -34 0 0;
0 -35 0 0;
0 -36 0 0;
0 -37 0 0;
0 -38 0 0;
0 -39 0 0;
0 -40 0 0;
0 -41 0 0;
0 -42 0 0;
0 -43 0 0;
0 -44 0 0;
0 -45 0 0;
0 -46 0 0;
0 -47 0 0;
0 -48 0 0;
0 -25 4 0;
0 -26 4 0;
0 -27 4 0;
0 -28 4 0;
0 -29 4 0;
0 -30 4 0;
0 -27 3 0;
0 -28 3 0;
-1 -25 5 4;
-1 -25 6 3;
-1 -30 5 4;
-1 -30 6 3;
0 -48 1 0;
0 -48 2 0;
0 -48 3 0;
0 -48 4 0;
///Room 2
-1 49 6 0;
-1 50 6 0;
-1 51 6 0;
-1 52 6 0;
-1 53 6 0;
-1 54 6 0;
-1 56 6 0;
-1 57 6 0;
-1 59 6 0;
-1 60 6 0;
-1 62 6 0;
-1 63 6 0;
-1 64 6 0;
-1 69 6 0;
-1 70 6 0;
-1 71 6 0;
-1 72 6 0;
-1 73 6 0;
-1 74 6 0;
-1 75 6 0;
-1 76 6 0;
-1 77 6 0;
-1 78 6 0;
-1 79 6 0;
-1 80 6 0;
-1 55 9 0;
-1 58 9 0;
-1 61 9 0;
-1 65 9 0;
-1 66 9 0;
-1 67 9 0;
-1 68 9 0;
-1 50 0 1;
-1 51 0 1;
-1 52 0 1;
-1 53 0 1;
-1 54 0 1;
-1 55 0 1;
-1 56 1 1;
-1 57 1 1;
-1 58 1 1;
-1 59 1 1;
-1 60 1 1;
-1 61 0 1;
-1 62 0 1;
-1 63 0 1;
-1 64 0 1;
-1 65 0 1;
-1 66 1 1;
-1 67 1 1;
-1 68 0 1;
-1 50 3 0;
-1 49 4 1;
-1 50 4 1;
-1 50 5 4;
-1 50 6 3;
-1 66 4 0;
-1 67 4 0;
-1 66 7 1;
-1 67 7 1;
-1 66 8 4;
-1 66 9 3;
-1 67 8 4;
-1 67 9 3;
-1 66 2 4;
-1 66 3 2;
-1 66 4 3;
-1 67 2 4;
-1 67 3 2;
-1 67 4 3;
-1 78 0 1;
-1 79 4 1;
-1 80 4 1;
-1 79 5 4;
-1 79 6 3;
0 49 10 0;
0 50 10 0;
0 51 10 0;
0 52 10 0;
0 53 10 0;
0 54 10 0;
0 55 10 0;
0 56 10 0;
0 57 10 0;
0 58 10 0;
0 59 10 0;
0 60 10 0;
0 61 10 0;
0 62 10 0;
0 63 10 0;
0 64 10 0;
0 65 10 0;
0 66 10 0;
0 67 10 0;
0 68 10 0;
0 69 10 0;
0 70 10 0;
0 71 10 0;
0 72 10 0;
0 73 10 0;
0 74 10 0;
0 75 10 0;
0 76 10 0;
0 77 10 0;
0 78 10 0;
0 79 10 0;
0 80 10 0;
0 49 11 0;
0 50 11 0;
0 51 11 0;
0 52 11 0;
0 53 11 0;
0 54 11 0;
0 55 11 0;
0 56 11 0;
0 57 11 0;
0 58 11 0;
0 59 11 0;
0 60 11 0;
0 61 11 0;
0 62 11 0;
0 63 11 0;
0 64 11 0;
0 65 11 0;
0 66 11 0;
0 67 11 0;
0 68 11 0;
0 69 11 0;
0 70 11 0;
0 71 11 0;
0 72 11 0;
0 73 11 0;
0 74 11 0;
0 75 11 0;
0 76 11 0;
0 77 11 0;
0 78 11 0;
0 79 11 0;
0 80 11 0;
0 49 12 0;
0 50 12 0;
0 51 12 0;
0 52 12 0;
0 53 12 0;
0 54 12 0;
0 55 12 0;
0 56 12 0;
0 57 12 0;
0 58 12 0;
0 59 12 0;
0 60 12 0;
0 61 12 0;
0 62 12 0;
0 63 12 0;
0 64 12 0;
0 65 12 0;
0 66 12 0;
0 67 12 0;
0 68 12 0;
0 69 12 0;
0 70 12 0;
0 71 12 0;
0 72 12 0;
0 73 12 0;
0 74 12 0;
0 75 12 0;
0 76 12 0;
0 77 12 0;
0 78 12 0;
0 79 12 0;
0 80 12 0;
0 49 7 0;
0 50 7 0;
0 51 7 0;
0 52 7 0;
0 53 7 0;
0 54 7 0;
0 49 8 0;
0 50 8 0;
0 51 8 0;
0 52 8 0;
0 53 8 0;
0 54 8 0;
0 49 9 0;
0 50 9 0;
0 51 9 0;
0 52 9 0;
0 53 9 0;
0 54 9 0;
0 49 10 0;
0 50 10 0;
0 51 10 0;
0 52 10 0;
0 53 10 0;
0 54 10 0;
0 49 11 0;
0 50 11 0;
0 51 11 0;
0 52 11 0;
0 53 11 0;
0 54 11 0;
0 49 12 0;
0 50 12 0;
0 51 12 0;
0 52 12 0;
0 53 12 0;
0 54 12 0;
0 56 7 0;
0 57 7 0;
0 56 8 0;
0 57 8 0;
0 56 9 0;
0 57 9 0;
0 56 10 0;
0 57 10 0;
0 56 11 0;
0 57 11 0;
0 56 12 0;
0 57 12 0;
0 59 7 0;
0 60 7 0;
0 59 8 0;
0 60 8 0;
0 59 9 0;
0 60 9 0;
0 59 10 0;
0 60 10 0;
0 59 11 0;
0 60 11 0;
0 59 12 0;
0 60 12 0;
0 62 7 0;
0 63 7 0;
0 64 7 0;
0 62 8 0;
0 63 8 0;
0 64 8 0;
0 62 9 0;
0 63 9 0;
0 64 9 0;
0 62 10 0;
0 63 10 0;
0 64 10 0;
0 62 11 0;
0 63 11 0;
0 64 11 0;
0 62 12 0;
0 63 12 0;
0 64 12 0;
0 69 7 0;
0 70 7 0;
0 71 7 0;
0 72 7 0;
0 73 7 0;
0 74 7 0;
0 75 7 0;
0 76 7 0;
0 77 7 0;
0 78 7 0;
0 79 7 0;
0 80 7 0;
0 69 8 0;
0 70 8 0;
0 71 8 0;
0 72 8 0;
0 73 8 0;
0 74 8 0;
0 75 8 0;
0 76 8 0;
0 77 8 0;
0 78 8 0;
0 79 8 0;
0 80 8 0;
0 69 9 0;
0 70 9 0;
0 71 9 0;
0 72 9 0;
0 73 9 0;
0 74 9 0;
0 75 9 0;
0 76 9 0;
0 77 9 0;
0 78 9 0;
0 79 9 0;
0 80 9 0;
0 69 10 0;
0 70 10 0;
0 71 10 0;
0 72 10 0;
0 73 10 0;
0 74 10 0;
0 75 10 0;
0 76 10 0;
0 77 10 0;
0 78 10 0;
0 79 10 0;
0 80 10 0;
0 69 11 0;
0 70 11 0;
0 71 11 0;
0 72 11 0;
0 73 11 0;
0 74 11 0;
0 75 11 0;
0 76 11 0;
0 77 11 0;
0 78 11 0;
0 79 11 0;
0 80 11 0;
0 69 12 0;
0 70 12 0;
0 71 12 0;
0 72 12 0;
0 73 12 0;
0 74 12 0;
0 75 12 0;
0 76 12 0;
0 77 12 0;
0 78 12 0;
0 79 12 0;
0 80 12 0;
0 49 0 0;
0 50 0 0;
0 51 0 0;
0 52 0 0;
0 53 0 0;
0 54 0 0;
0 55 0 0;
0 56 0 0;
0 57 0 0;
0 58 0 0;
0 59 0 0;
0 60 0 0;
0 61 0 0;
0 62 0 0;
0 63 0 0;
0 64 0 0;
0 65 0 0;
0 66 0 0;
0 67 0 0;
0 68 0 0;
0 56 1 0;
0 57 1 0;
0 58 1 0;
0 59 1 0;
0 60 1 0;
0 66 1 0;
0 67 1 0;
0 49 1 0;
0 49 2 0;
0 49 3 0;
0 49 4 0;
0 50 4 0;
0 78 0 0;
0 79 0 0;
0 80 0 0;
0 79 1 0;
0 80 1 0;
0 79 2 0;
0 80 2 0;
0 79 3 0;
0 80 3 0;
0 79 4 0;
0 80 4 0;
0 66 5 0;
0 67 5 0;
0 66 6 0;
0 67 6 0;
0 66 7 0;
0 67 7 0;
1 55 9 0;
1 58 9 0;
1 61 9 0;
///Room -2
-1 -49 6 0;
-1 -50 6 0;
-1 -51 6 0;
-1 -52 6 0;
-1 -53 6 0;
-1 -54 6 0;
-1 -56 6 0;
-1 -57 6 0;
-1 -59 6 0;
-1 -60 6 0;
-1 -62 6 0;
-1 -63 6 0;
-1 -64 6 0;
-1 -69 6 0;
-1 -70 6 0;
-1 -71 6 0;
-1 -72 6 0;
-1 -73 6 0;
-1 -74 6 0;
-1 -75 6 0;
-1 -76 6 0;
-1 -77 6 0;
-1 -78 6 0;
-1 -79 6 0;
-1 -80 6 0;
-1 -55 9 0;
-1 -58 9 0;
-1 -61 9 0;
-1 -65 9 0;
-1 -66 9 0;
-1 -67 9 0;
-1 -68 9 0;
-1 -50 0 1;
-1 -51 0 1;
-1 -52 0 1;
-1 -53 0 1;
-1 -54 0 1;
-1 -55 0 1;
-1 -56 1 1;
-1 -57 1 1;
-1 -58 1 1;
-1 -59 1 1;
-1 -60 1 1;
-1 -61 0 1;
-1 -62 0 1;
-1 -63 0 1;
-1 -64 0 1;
-1 -65 0 1;
-1 -66 1 1;
-1 -67 1 1;
-1 -68 0 1;
-1 -50 3 0;
-1 -49 4 1;
-1 -50 4 1;
-1 -50 5 4;
-1 -50 6 3;
-1 -66 4 0;
-1 -67 4 0;
-1 -66 7 1;
-1 -67 7 1;
-1 -66 8 4;
-1 -66 9 3;
-1 -67 8 4;
-1 -67 9 3;
-1 -66 2 4;
-1 -66 3 2;
-1 -66 4 3;
-1 -67 2 4;
-1 -67 3 2;
-1 -67 4 3;
-1 -78 0 1;
-1 -79 4 1;
-1 -80 4 1;
-1 -79 5 4;
-1 -79 6 3;
0 -49 10 0;
0 -50 10 0;
0 -51 10 0;
0 -52 10 0;
0 -53 10 0;
0 -54 10 0;
0 -55 10 0;
0 -56 10 0;
0 -57 10 0;
0 -58 10 0;
0 -59 10 0;
0 -60 10 0;
0 -61 10 0;
0 -62 10 0;
0 -63 10 0;
0 -64 10 0;
0 -65 10 0;
0 -66 10 0;
0 -67 10 0;
0 -68 10 0;
0 -69 10 0;
0 -70 10 0;
0 -71 10 0;
0 -72 10 0;
0 -73 10 0;
0 -74 10 0;
0 -75 10 0;
0 -76 10 0;
0 -77 10 0;
0 -78 10 0;
0 -79 10 0;
0 -80 10 0;
0 -49 11 0;
0 -50 11 0;
0 -51 11 0;
0 -52 11 0;
0 -53 11 0;
0 -54 11 0;
0 -55 11 0;
0 -56 11 0;
0 -57 11 0;
0 -58 11 0;
0 -59 11 0;
0 -60 11 0;
0 -61 11 0;
0 -62 11 0;
0 -63 11 0;
0 -64 11 0;
0 -65 11 0;
0 -66 11 0;
0 -67 11 0;
0 -68 11 0;
0 -69 11 0;
0 -70 11 0;
0 -71 11 0;
0 -72 11 0;
0 -73 11 0;
0 -74 11 0;
0 -75 11 0;
0 -76 11 0;
0 -77 11 0;
0 -78 11 0;
0 -79 11 0;
0 -80 11 0;
0 -49 12 0;
0 -50 12 0;
0 -51 12 0;
0 -52 12 0;
0 -53 12 0;
0 -54 12 0;
0 -55 12 0;
0 -56 12 0;
0 -57 12 0;
0 -58 12 0;
0 -59 12 0;
0 -60 12 0;
0 -61 12 0;
0 -62 12 0;
0 -63 12 0;
0 -64 12 0;
0 -65 12 0;
0 -66 12 0;
0 -67 12 0;
0 -68 12 0;
0 -69 12 0;
0 -70 12 0;
0 -71 12 0;
0 -72 12 0;
0 -73 12 0;
0 -74 12 0;
0 -75 12 0;
0 -76 12 0;
0 -77 12 0;
0 -78 12 0;
0 -79 12 0;
0 -80 12 0;
0 -49 7 0;
0 -50 7 0;
0 -51 7 0;
0 -52 7 0;
0 -53 7 0;
0 -54 7 0;
0 -49 8 0;
0 -50 8 0;
0 -51 8 0;
0 -52 8 0;
0 -53 8 0;
0 -54 8 0;
0 -49 9 0;
0 -50 9 0;
0 -51 9 0;
0 -52 9 0;
0 -53 9 0;
0 -54 9 0;
0 -49 10 0;
0 -50 10 0;
0 -51 10 0;
0 -52 10 0;
0 -53 10 0;
0 -54 10 0;
0 -49 11 0;
0 -50 11 0;
0 -51 11 0;
0 -52 11 0;
0 -53 11 0;
0 -54 11 0;
0 -49 12 0;
0 -50 12 0;
0 -51 12 0;
0 -52 12 0;
0 -53 12 0;
0 -54 12 0;
0 -56 7 0;
0 -57 7 0;
0 -56 8 0;
0 -57 8 0;
0 -56 9 0;
0 -57 9 0;
0 -56 10 0;
0 -57 10 0;
0 -56 11 0;
0 -57 11 0;
0 -56 12 0;
0 -57 12 0;
0 -59 7 0;
0 -60 7 0;
0 -59 8 0;
0 -60 8 0;
0 -59 9 0;
0 -60 9 0;
0 -59 10 0;
0 -60 10 0;
0 -59 11 0;
0 -60 11 0;
0 -59 12 0;
0 -60 12 0;
0 -62 7 0;
0 -63 7 0;
0 -64 7 0;
0 -62 8 0;
0 -63 8 0;
0 -64 8 0;
0 -62 9 0;
0 -63 9 0;
0 -64 9 0;
0 -62 10 0;
0 -63 10 0;
0 -64 10 0;
0 -62 11 0;
0 -63 11 0;
0 -64 11 0;
0 -62 12 0;
0 -63 12 0;
0 -64 12 0;
0 -69 7 0;
0 -70 7 0;
0 -71 7 0;
0 -72 7 0;
0 -73 7 0;
0 -74 7 0;
0 -75 7 0;
0 -76 7 0;
0 -77 7 0;
0 -78 7 0;
0 -79 7 0;
0 -80 7 0;
0 -69 8 0;
0 -70 8 0;
0 -71 8 0;
0 -72 8 0;
0 -73 8 0;
0 -74 8 0;
0 -75 8 0;
0 -76 8 0;
0 -77 8 0;
0 -78 8 0;
0 -79 8 0;
0 -80 8 0;
0 -69 9 0;
0 -70 9 0;
0 -71 9 0;
0 -72 9 0;
0 -73 9 0;
0 -74 9 0;
0 -75 9 0;
0 -76 9 0;
0 -77 9 0;
0 -78 9 0;
0 -79 9 0;
0 -80 9 0;
0 -69 10 0;
0 -70 10 0;
0 -71 10 0;
0 -72 10 0;
0 -73 10 0;
0 -74 10 0;
0 -75 10 0;
0 -76 10 0;
0 -77 10 0;
0 -78 10 0;
0 -79 10 0;
0 -80 10 0;
0 -69 11 0;
0 -70 11 0;
0 -71 11 0;
0 -72 11 0;
0 -73 11 0;
0 -74 11 0;
0 -75 11 0;
0 -76 11 0;
0 -77 11 0;
0 -78 11 0;
0 -79 11 0;
0 -80 11 0;
0 -69 12 0;
0 -70 12 0;
0 -71 12 0;
0 -72 12 0;
0 -73 12 0;
0 -74 12 0;
0 -75 12 0;
0 -76 12 0;
0 -77 12 0;
0 -78 12 0;
0 -79 12 0;
0 -80 12 0;
0 -49 0 0;
0 -50 0 0;
0 -51 0 0;
0 -52 0 0;
0 -53 0 0;
0 -54 0 0;
0 -55 0 0;
0 -56 0 0;
0 -57 0 0;
0 -58 0 0;
0 -59 0 0;
0 -60 0 0;
0 -61 0 0;
0 -62 0 0;
0 -63 0 0;
0 -64 0 0;
0 -65 0 0;
0 -66 0 0;
0 -67 0 0;
0 -68 0 0;
0 -56 1 0;
0 -57 1 0;
0 -58 1 0;
0 -59 1 0;
0 -60 1 0;
0 -66 1 0;
0 -67 1 0;
0 -49 1 0;
0 -49 2 0;
0 -49 3 0;
0 -49 4 0;
0 -50 4 0;
0 -78 0 0;
0 -79 0 0;
0 -80 0 0;
0 -79 1 0;
0 -80 1 0;
0 -79 2 0;
0 -80 2 0;
0 -79 3 0;
0 -80 3 0;
0 -79 4 0;
0 -80 4 0;
0 -66 5 0;
0 -67 5 0;
0 -66 6 0;
0 -67 6 0;
0 -66 7 0;
0 -67 7 0;
1 -55 9 0;
1 -58 9 0;
1 -61 9 0;
-1 81 6 0;
-1 82 6 0;
-1 83 6 0;
-1 84 6 0;
-1 85 6 0;
-1 81 4 1;
0 81 7 0;
0 82 7 0;
0 83 7 0;
0 84 7 0;
0 85 7 0;
0 81 8 0;
0 82 8 0;
0 83 8 0;
0 84 8 0;
0 85 8 0;
0 81 9 0;
0 82 9 0;
0 83 9 0;
0 84 9 0;
0 85 9 0;
0 81 10 0;
0 82 10 0;
0 83 10 0;
0 84 10 0;
0 85 10 0;
0 81 11 0;
0 82 11 0;
0 83 11 0;
0 84 11 0;
0 85 11 0;
0 81 12 0;
0 82 12 0;
0 83 12 0;
0 84 12 0;
0 85 12 0;
0 81 0 0;
0 81 1 0;
0 81 2 0;
0 81 3 0;
0 81 4 0;
-1 -81 6 0;
-1 -82 6 0;
-1 -83 6 0;
-1 -84 6 0;
-1 -85 6 0;
-1 -81 4 1;
0 -81 7 0;
0 -82 7 0;
0 -83 7 0;
0 -84 7 0;
0 -85 7 0;
0 -81 8 0;
0 -82 8 0;
0 -83 8 0;
0 -84 8 0;
0 -85 8 0;
0 -81 9 0;
0 -82 9 0;
0 -83 9 0;
0 -84 9 0;
0 -85 9 0;
0 -81 10 0;
0 -82 10 0;
0 -83 10 0;
0 -84 10 0;
0 -85 10 0;
0 -81 11 0;
0 -82 11 0;
0 -83 11 0;
0 -84 11 0;
0 -85 11 0;
0 -81 12 0;
0 -82 12 0;
0 -83 12 0;
0 -84 12 0;
0 -85 12 0;
0 -81 0 0;
0 -81 1 0;
0 -81 2 0;
0 -81 3 0;
0 -81 4 0;
///Test
